image_width: 640
image_height: 480
camera_name: left_camera
camera_matrix:
  rows: 3
  cols: 3
  data: [581.9896007734834, 0, 334.2390469670981, 0, 583.0776550280639, 215.8154115015892, 0, 0, 1]
distortion_model: plumb_bob
distortion_coefficients:
  rows: 1
  cols: 5
  data: [0.06767683816372326, -0.3169613051305471, -0.01570700605384323, 0.007874846633711416, 0]
rectification_matrix:
  rows: 3
  cols: 3
  data: [0.9835269145658284, -0.01114766448825776, -0.1804176762434292, 0.009662191721107289, 0.9999118185210029, -0.009110281728127162, 0.1805033251099995, 0.007216977101149671, 0.9835478965793966]
projection_matrix:
  rows: 3
  cols: 4
  data: [652.7235250206052, 0, 491.4348564147949, 0, 0, 652.7235250206052, 205.2825126647949, 0, 0, 0, 1, 0]
