image_width: 640
image_height: 480
camera_name: right_camera
camera_matrix:
  rows: 3
  cols: 3
  data: [590.6654736452666, 0, 331.8604495843219, 0, 588.778957548237, 222.240435987603, 0, 0, 1]
distortion_model: plumb_bob
distortion_coefficients:
  rows: 1
  cols: 5
  data: [-0.003735207335721163, -0.03956105415814548, -0.008332020494382164, 0.003498076454959339, 0]
rectification_matrix:
  rows: 3
  cols: 3
  data: [0.9820387985711576, 0.007970259830736837, -0.1885106709423844, -0.006417695210883775, 0.9999402886745409, 0.008844900997543625, 0.1885699108794868, -0.007476231919001149, 0.9820313104311877]
projection_matrix:
  rows: 3
  cols: 4
  data: [652.7235250206052, 0, 491.4348564147949, -42.89864642048318, 0, 652.7235250206052, 205.2825126647949, 0, 0, 0, 1, 0]
